1790379270.927651000|0|18|RowShareLock|
1790379272.002943000|0|18|RowShareLock|
1790379273.096152000|0|18|RowShareLock|
1790379274.176344000|0|18|RowShareLock|
1790379275.245799000|0|18||
1790379276.316160000|0|18||
1790379277.395142000|0|18||
1790379278.474282000|0|18|RowShareLock|
1790379279.550634000|0|18|RowShareLock|
1790379280.623546000|0|18||
1790379281.709730000|0|18|RowShareLock|
1790379282.793952000|0|18||
1790379283.880967000|0|18|RowShareLock|
1790379284.969748000|0|18|RowShareLock|
1790379286.037089000|0|18||
1790379287.104044000|0|18|RowShareLock|
1790379288.183220000|0|18|RowShareLock|
1790379289.266835000|0|18||
1790379290.338854000|0|18||
1790379291.409852000|0|18||
1790379292.482566000|0|18||
1790379293.555785000|0|18||
1790379294.631961000|0|19||
1790379295.707027000|0|19|RowShareLock|
1790379296.782661000|0|19|RowShareLock|
1790379297.857113000|0|19||
1790379298.936678000|0|19|RowShareLock|
1790379300.014573000|0|19|RowShareLock|
1790379301.091013000|0|19|RowShareLock|
1790379302.161445000|0|19||
1790379303.240472000|0|19|RowShareLock|
1790379304.322967000|0|19||
1790379305.389023000|0|19||
1790379306.464333000|0|19|RowShareLock|
1790379307.536419000|0|19||
1790379308.619162000|0|19|RowShareLock|
1790379309.704118000|0|19|RowShareLock|
1790379310.764483000|0|19||
1790379311.834952000|0|19|RowShareLock|
1790379312.923462000|0|21|RowShareLock|
1790379314.012090000|0|21||
1790379315.086684000|0|21|RowShareLock|
1790379316.158379000|0|21||
1790379317.233795000|0|21||
1790379318.303089000|0|21||
1790379319.374028000|0|21||
1790379320.433327000|0|21|RowShareLock|
1790379321.508702000|0|21||
1790379322.589114000|0|21|RowShareLock|
1790379323.660862000|0|21||
1790379324.728386000|0|21||
1790379325.802088000|0|21||
1790379326.872024000|0|21|RowShareLock|
1790379327.942667000|0|21|RowShareLock|
1790379329.014515000|0|21||
1790379330.087982000|0|21||
1790379331.169075000|0|21||
1790379332.244471000|0|21|RowShareLock|
1790379333.315129000|0|21||
1790379334.381287000|0|21|RowShareLock|
1790379335.448415000|0|21|RowShareLock|
1790379336.512457000|0|21||
1790379337.585208000|0|21|RowShareLock|
1790379338.671729000|0|21|RowShareLock|
1790379339.750701000|0|21||
1790379340.819529000|0|21|RowShareLock|
