1790379543.060199000|0|21|RowShareLock|
1790379544.135702000|0|21||
1790379545.195399000|0|21||
1790379546.275073000|0|21||
1790379547.347840000|0|21|RowShareLock|
1790379548.429277000|0|21||
1790379549.506724000|0|21||
1790379550.585090000|0|21||
1790379551.661150000|0|21||
1790379552.736972000|0|21||
1790379553.804299000|0|21||
1790379554.874038000|0|21||
1790379555.960522000|0|21||
1790379557.044118000|0|21|RowShareLock|
1790379558.131244000|0|21||
1790379559.209709000|0|21||
1790379560.272822000|0|21|RowShareLock|
1790379561.342859000|0|21|RowShareLock|
1790379562.428648000|0|21|RowShareLock|
1790379563.508717000|0|21||
1790379564.580102000|0|21||
1790379565.659362000|0|21|RowShareLock|
1790379566.739851000|0|21||
1790379567.814095000|0|21||
1790379568.891456000|0|21|RowShareLock|
1790379569.963802000|0|21||
1790379571.031673000|0|21|RowShareLock|
1790379572.119273000|0|21|RowShareLock|
1790379573.201990000|5|22|AccessShareLock,RowExclusiveLock,RowShareLock|
1790379574.285708000|20|22|AccessShareLock,RowExclusiveLock,RowShareLock|
1790379575.358496000|20|22|AccessShareLock,RowExclusiveLock,RowShareLock|
1790379576.434493000|20|22|AccessShareLock,RowExclusiveLock,RowShareLock|
1790379577.515275000|20|22|AccessShareLock,RowExclusiveLock,RowShareLock|
1790379578.593213000|20|22|AccessShareLock,RowExclusiveLock,RowShareLock|
1790379579.670409000|20|22|AccessShareLock,RowExclusiveLock,RowShareLock|
1790379580.734657000|20|22|AccessShareLock,RowExclusiveLock,RowShareLock|
1790379581.802203000|20|22|AccessShareLock,RowExclusiveLock,RowShareLock|
1790379582.864881000|20|22|AccessShareLock,RowExclusiveLock,RowShareLock|
1790379583.938451000|20|22|AccessShareLock,RowExclusiveLock,RowShareLock|
1790379585.006923000|20|22|AccessShareLock,RowExclusiveLock,RowShareLock|
1790379586.068181000|20|22|AccessShareLock,RowExclusiveLock,RowShareLock|
1790379587.135851000|20|22|AccessShareLock,RowExclusiveLock,RowShareLock|
1790379588.198325000|20|22|AccessShareLock,RowExclusiveLock,RowShareLock|
1790379589.268013000|20|22|AccessShareLock,RowExclusiveLock,RowShareLock|
1790379590.342320000|20|22|AccessShareLock,RowExclusiveLock,RowShareLock|
1790379591.417972000|20|22|AccessShareLock,RowExclusiveLock,RowShareLock|
1790379592.566478000|20|22|AccessShareLock,RowExclusiveLock,RowShareLock|
1790379593.647563000|20|22|AccessShareLock,RowExclusiveLock,RowShareLock|
1790379594.732978000|20|22|AccessShareLock,RowExclusiveLock,RowShareLock|
1790379595.821869000|20|22|AccessShareLock,RowExclusiveLock,RowShareLock|
1790379596.904218000|20|22|AccessShareLock,RowExclusiveLock,RowShareLock|
1790379597.973851000|20|22|AccessShareLock,RowExclusiveLock,RowShareLock|
1790379599.042992000|20|22|AccessShareLock,RowExclusiveLock,RowShareLock|
1790379600.136719000|20|22|AccessShareLock,RowExclusiveLock,RowShareLock|
1790379601.216760000|20|22|AccessShareLock,RowExclusiveLock,RowShareLock|
1790379602.292335000|20|22|AccessShareLock,RowExclusiveLock,RowShareLock|
1790379603.379472000|16|22|AccessShareLock,RowExclusiveLock,RowShareLock|
1790379604.456643000|20|22|AccessShareLock,RowExclusiveLock,RowShareLock|
1790379605.524212000|0|21|RowShareLock|
1790379606.602057000|0|21|RowShareLock|
1790379607.696336000|0|21||
1790379608.770729000|0|21||
1790379609.844445000|0|21||
1790379610.918883000|0|21||
1790379612.007375000|0|21||
1790379613.084224000|0|21|RowShareLock|
1790379614.155936000|0|21|RowShareLock|
1790379615.224739000|0|21||
1790379616.315397000|0|21|RowShareLock|
1790379617.398952000|0|21||
1790379618.494106000|0|21||
1790379619.582118000|0|21|RowShareLock|
1790379620.663639000|0|21|RowShareLock|
1790379621.746136000|0|21||
1790379622.833779000|0|21||
1790379623.920378000|0|21||
1790379625.007385000|0|21|RowShareLock|
1790379626.087863000|0|21||
1790379627.160401000|0|21||
1790379628.244060000|0|21|RowShareLock|
1790379629.334225000|0|21||
1790379630.426247000|0|21||
1790379631.516207000|0|21||
1790379632.594956000|0|21|RowShareLock|
1790379633.684720000|0|21||
1790379634.771370000|0|21|RowShareLock|
1790379635.850398000|0|21||
1790379636.935802000|0|21||
1790379638.012101000|0|21||
1790379639.102555000|0|21|RowShareLock|
1790379640.197846000|0|21||
1790379641.288502000|0|21|RowShareLock|
1790379642.355433000|0|21||
1790379643.427464000|0|21|RowShareLock|
1790379644.504250000|0|21||
