1790379543.059445000|cascade|cascade|13|0|0|0|2|0|0|13|5|0|0|0|0|transaction|
1790379544.124735000|cascade|cascade|8|0|0|0|0|0|0|15|5|0|0|0|0|transaction|
1790379545.190257000|cascade|cascade|10|0|0|0|2|0|0|13|5|0|0|0|0|transaction|
1790379546.269205000|cascade|cascade|9|0|0|0|1|0|0|14|5|0|0|0|0|transaction|
1790379547.344379000|cascade|cascade|11|0|0|0|2|0|0|14|4|0|0|0|0|transaction|
1790379548.423787000|cascade|cascade|11|0|0|0|4|0|0|12|4|0|0|0|0|transaction|
1790379549.500327000|cascade|cascade|9|0|0|0|1|0|0|15|4|0|0|0|0|transaction|
1790379550.578327000|cascade|cascade|8|0|0|0|0|0|0|16|4|0|0|0|0|transaction|
1790379551.653250000|cascade|cascade|8|0|0|0|0|0|0|16|4|0|0|0|0|transaction|
1790379552.729524000|cascade|cascade|9|0|0|0|1|0|0|15|4|0|0|0|0|transaction|
1790379553.793068000|cascade|cascade|8|0|0|0|0|0|0|16|4|0|0|0|0|transaction|
1790379554.867039000|cascade|cascade|9|0|0|0|1|0|0|15|4|0|0|0|0|transaction|
1790379555.960515000|cascade|cascade|11|0|0|0|3|0|0|13|4|0|0|0|0|transaction|
1790379557.037652000|cascade|cascade|10|0|0|0|2|0|0|14|4|0|0|0|0|transaction|
1790379558.125073000|cascade|cascade|10|0|0|0|2|0|0|14|4|0|0|0|0|transaction|
1790379559.198039000|cascade|cascade|8|0|0|0|0|0|0|16|4|0|0|0|0|transaction|
1790379560.264279000|cascade|cascade|8|0|0|0|0|0|0|16|4|0|0|0|0|transaction|
1790379561.340480000|cascade|cascade|11|0|0|0|3|0|0|13|4|0|0|0|0|transaction|
1790379562.426081000|cascade|cascade|14|0|0|0|6|0|0|10|4|0|0|0|0|transaction|
1790379563.501790000|cascade|cascade|8|0|0|0|0|0|0|16|4|0|0|0|0|transaction|
1790379564.574002000|cascade|cascade|10|0|0|0|2|0|0|14|4|0|0|0|0|transaction|
1790379565.648591000|cascade|cascade|9|0|0|0|1|0|0|15|4|0|0|0|0|transaction|
1790379566.735220000|cascade|cascade|9|0|0|0|1|0|0|17|2|0|0|0|0|transaction|
1790379567.807267000|cascade|cascade|8|0|0|0|0|0|0|18|2|0|0|0|0|transaction|
1790379568.887554000|cascade|cascade|19|0|0|0|9|0|0|9|2|0|0|0|0|transaction|
1790379569.960600000|cascade|cascade|8|0|0|0|0|0|0|18|2|0|0|0|0|transaction|
1790379571.023436000|cascade|cascade|14|0|0|0|6|0|0|12|2|0|0|0|0|transaction|
1790379572.108666000|cascade|cascade|11|0|0|0|3|0|0|15|2|0|0|0|0|transaction|
1790379573.197135000|cascade|cascade|14|0|0|0|6|0|0|12|2|0|0|0|0|transaction|
1790379574.275547000|cascade|cascade|20|119|0|0|20|0|0|0|0|0|0|0|690980|transaction|
1790379575.347305000|cascade|cascade|20|278|0|0|20|0|0|0|0|0|0|1|763663|transaction|
1790379576.425075000|cascade|cascade|20|448|0|0|20|0|0|0|0|0|0|2|840531|transaction|
1790379577.507115000|cascade|cascade|20|597|0|0|20|0|0|0|0|0|0|3|923462|transaction|
1790379578.582584000|cascade|cascade|20|621|0|0|20|0|0|0|0|0|0|5|1339|transaction|
1790379579.654124000|cascade|cascade|20|621|0|0|20|0|0|0|0|0|0|6|72500|transaction|
1790379580.719247000|cascade|cascade|20|621|0|0|20|0|0|0|0|0|0|7|139182|transaction|
1790379581.789703000|cascade|cascade|20|621|0|0|20|0|0|0|0|0|0|8|208766|transaction|
1790379582.853889000|cascade|cascade|20|621|0|0|20|0|0|0|0|0|0|9|273247|transaction|
1790379583.921759000|cascade|cascade|20|622|0|0|20|0|0|0|0|0|0|10|339671|transaction|
1790379584.988794000|cascade|cascade|20|622|0|0|20|0|0|0|0|0|0|11|408323|transaction|
1790379586.055535000|cascade|cascade|20|622|0|0|20|0|0|0|0|0|0|12|474480|transaction|
1790379587.127756000|cascade|cascade|20|622|0|0|20|0|0|0|0|0|0|13|544524|transaction|
1790379588.189819000|cascade|cascade|20|622|0|0|20|0|0|0|0|0|0|14|606420|transaction|
1790379589.259219000|cascade|cascade|20|622|0|0|20|0|0|0|0|0|0|15|676210|transaction|
1790379590.334714000|cascade|cascade|20|622|0|0|20|0|0|0|0|0|0|16|751714|transaction|
1790379591.410399000|cascade|cascade|20|623|0|0|20|0|0|0|0|0|0|17|827065|transaction|
1790379592.538574000|cascade|cascade|20|623|0|0|20|0|0|0|0|0|0|18|952472|transaction|
1790379593.607405000|cascade|cascade|20|624|0|0|20|0|0|0|0|0|0|20|25395|transaction|
1790379594.676333000|cascade|cascade|20|570|0|0|20|0|0|0|0|0|0|20|224041|transaction|
1790379595.752269000|cascade|cascade|20|534|0|0|20|0|0|0|0|0|0|20|7223|transaction|
1790379596.831717000|cascade|cascade|20|568|0|0|20|0|0|0|0|0|0|20|76615|transaction|
1790379597.910470000|cascade|cascade|20|594|0|0|20|0|0|0|0|0|0|14|671103|transaction|
1790379598.982831000|cascade|cascade|20|623|0|0|20|0|0|0|0|0|0|15|742963|transaction|
1790379600.055290000|cascade|cascade|20|624|0|0|20|0|0|0|0|0|0|16|817995|transaction|
1790379601.144593000|cascade|cascade|20|624|0|0|20|0|0|0|0|0|0|17|885572|transaction|
1790379602.213890000|cascade|cascade|20|624|0|0|20|0|0|0|0|0|0|18|971508|transaction|
1790379603.292320000|cascade|cascade|28|613|0|0|20|0|0|0|0|0|0|8|952920|transaction|
1790379604.371449000|cascade|cascade|20|621|0|0|20|0|0|0|0|0|0|9|472845|transaction|
1790379605.457503000|cascade|cascade|25|403|0|0|20|0|0|0|0|0|0|8|27985|transaction|
1790379606.546569000|cascade|cascade|25|16|0|0|20|0|0|0|0|0|0|0|2997|transaction|
1790379607.622814000|cascade|cascade|42|0|0|0|2|0|0|18|0|0|0|0|0|transaction|
1790379608.694431000|cascade|cascade|41|0|0|0|1|0|0|19|0|0|0|0|0|transaction|
1790379609.765266000|cascade|cascade|40|0|0|0|0|0|0|20|0|0|0|0|0|transaction|
1790379610.833645000|cascade|cascade|46|0|0|0|4|0|0|16|0|0|0|0|0|transaction|
1790379611.920362000|cascade|cascade|43|0|0|0|3|0|0|17|0|0|0|0|0|transaction|
1790379613.003667000|cascade|cascade|41|0|0|0|1|0|0|19|0|0|0|0|0|transaction|
1790379614.079792000|cascade|cascade|50|0|0|0|9|0|0|11|0|0|0|0|0|transaction|
1790379615.158665000|cascade|cascade|47|0|0|0|6|0|0|14|0|0|0|0|0|transaction|
1790379616.229113000|cascade|cascade|40|0|0|0|0|0|0|20|0|0|0|0|0|transaction|
1790379617.300523000|cascade|cascade|40|0|0|0|0|0|0|20|0|0|0|0|0|transaction|
1790379618.366918000|cascade|cascade|40|0|0|0|0|0|0|20|0|0|0|0|0|transaction|
1790379619.433198000|cascade|cascade|40|0|0|0|0|0|0|20|0|0|0|0|0|transaction|
1790379620.498873000|cascade|cascade|41|0|0|0|1|0|0|19|0|0|0|0|0|transaction|
1790379621.569733000|cascade|cascade|40|0|0|0|0|0|0|20|0|0|0|0|0|transaction|
1790379622.656930000|cascade|cascade|44|0|0|0|4|0|0|16|0|0|0|0|0|transaction|
1790379623.729216000|cascade|cascade|40|0|0|0|0|0|0|20|0|0|0|0|0|transaction|
1790379624.805303000|cascade|cascade|44|0|0|0|4|0|0|16|0|0|0|0|0|transaction|
1790379625.882523000|cascade|cascade|42|0|0|0|1|0|0|19|0|0|0|0|0|transaction|
1790379626.955767000|cascade|cascade|41|0|0|0|0|0|0|20|0|0|0|0|0|transaction|
1790379628.031443000|cascade|cascade|40|0|0|0|0|0|0|20|0|0|0|0|0|transaction|
1790379629.101973000|cascade|cascade|40|0|0|0|0|0|0|20|0|0|0|0|0|transaction|
1790379630.169034000|cascade|cascade|40|0|0|0|1|0|0|19|0|0|0|0|0|transaction|
1790379631.247694000|cascade|cascade|40|0|0|0|0|0|0|20|0|0|0|0|0|transaction|
1790379632.327958000|cascade|cascade|43|0|0|0|3|0|0|17|0|0|0|0|0|transaction|
1790379633.402489000|cascade|cascade|40|0|0|0|0|0|0|20|0|0|0|0|0|transaction|
1790379634.473773000|cascade|cascade|40|0|0|0|0|0|0|20|0|0|0|0|0|transaction|
1790379635.545972000|cascade|cascade|40|0|0|0|0|0|0|20|0|0|0|0|0|transaction|
1790379636.624670000|cascade|cascade|47|0|0|0|7|0|0|13|0|0|0|0|0|transaction|
1790379637.696466000|cascade|cascade|40|0|0|0|0|0|0|17|3|0|0|0|0|transaction|
1790379638.770491000|cascade|cascade|40|0|0|0|0|0|0|17|3|0|0|0|0|transaction|
1790379639.841253000|cascade|cascade|40|0|0|0|0|0|0|17|3|0|0|0|0|transaction|
1790379640.919834000|cascade|cascade|43|0|0|0|3|0|0|14|3|0|0|0|0|transaction|
1790379641.984090000|cascade|cascade|40|0|0|0|0|0|0|17|3|0|0|0|0|transaction|
1790379643.063562000|cascade|cascade|42|0|0|0|2|0|0|18|0|0|0|0|0|transaction|
1790379644.135229000|cascade|cascade|40|0|0|0|0|0|0|20|0|0|0|0|0|transaction|
