1790379849.602996000|0|21|RowShareLock|
1790379850.690135000|0|21|RowShareLock|
1790379851.776377000|0|21|RowShareLock|
1790379852.938475000|0|21|RowShareLock|
1790379854.047729000|0|21|RowShareLock|
1790379855.175709000|0|21||
1790379856.240525000|0|21||
1790379857.309874000|0|21||
1790379858.384508000|0|21||
1790379859.456959000|0|21||
1790379860.553768000|0|21|RowShareLock|
1790379861.644275000|0|21|RowShareLock|
1790379862.726050000|0|21|RowShareLock|
1790379863.799087000|0|21|RowShareLock|
1790379864.866730000|0|21||
1790379865.953769000|0|21|RowShareLock|
1790379867.038783000|0|21|RowShareLock|
1790379868.121228000|0|21||
1790379869.194407000|0|21||
1790379870.263060000|0|21||
1790379871.340170000|0|21|RowShareLock|
1790379872.423934000|0|21||
1790379873.502289000|0|21|RowShareLock|
1790379874.579869000|0|21||
1790379875.659592000|0|21||
1790379876.736772000|0|21|RowShareLock|
1790379877.815092000|0|21||
1790379878.885377000|0|21||
1790379879.952710000|0|22||
1790379881.031951000|0|22|RowShareLock|
1790379882.097513000|0|22||
1790379883.182362000|1|22|RowShareLock|
1790379884.257294000|0|22|RowShareLock|
1790379885.363825000|0|22|RowShareLock|
1790379886.443437000|0|22|RowShareLock|
1790379887.534057000|0|22||
1790379888.617410000|0|22||
1790379889.692934000|0|22|RowShareLock|
1790379890.768728000|0|22||
1790379891.842048000|0|22||
1790379892.910169000|0|22||
1790379893.979484000|0|22|RowShareLock|
1790379895.057867000|0|22||
1790379896.129462000|0|22|RowShareLock|
1790379897.209542000|0|22||
1790379898.290913000|0|22|RowShareLock|
1790379899.376565000|0|22|RowShareLock|
1790379900.447196000|0|22|RowShareLock|
1790379901.529210000|0|22||
1790379902.607916000|0|22||
1790379903.688364000|0|22||
1790379904.775759000|0|22||
1790379905.865605000|0|22||
1790379906.955581000|0|22||
1790379908.054294000|0|22|RowShareLock|
1790379909.140253000|0|22|RowExclusiveLock|
1790379910.238783000|0|21||
1790379911.355774000|0|21|RowShareLock|
1790379912.447166000|0|21|RowShareLock|
1790379913.533165000|0|21||
1790379914.624049000|0|21||
1790379915.727326000|0|21||
1790379916.815469000|0|21|RowShareLock|
1790379917.984505000|0|21|RowShareLock|
1790379919.096455000|0|21|RowShareLock|
1790379920.185179000|0|21|RowShareLock|
1790379921.279156000|0|21|RowShareLock|
1790379922.360599000|0|21||
1790379923.462782000|0|21|RowShareLock|
1790379924.564167000|0|21||
1790379925.665331000|0|21|RowShareLock|
1790379926.752587000|0|21||
1790379927.849941000|0|21||
1790379928.950908000|0|21|RowShareLock|
1790379930.042253000|0|21||
1790379931.127205000|0|21||
1790379932.215434000|0|21|RowShareLock|
1790379933.294890000|0|21|RowShareLock|
1790379934.392408000|0|21|RowShareLock|
1790379935.478730000|0|21||
1790379936.578147000|0|21|RowShareLock|
1790379937.669271000|0|21||
1790379938.753466000|0|21||
1790379939.843481000|0|21|RowShareLock|
1790379940.945071000|0|21||
1790379942.024140000|0|21|RowShareLock|
1790379943.103636000|0|21||
1790379944.184066000|0|21||
1790379945.271876000|0|21|RowShareLock|
1790379946.354711000|0|21||
1790379947.436774000|0|21|RowShareLock|
1790379948.515635000|0|21||
1790379949.606811000|0|21||
